136 135
319 318
379 378
164 162
352 349
293 292
306 303
250 248
6 5
142 140
278 275
240 238
92 91
331 330
73 70
338 335
490 489
445 443
66 65
202 200
51 48
152 151
309 308
44 43
180 178
29 26
359 357
375 373
96 95
22 21
50 49
283 282
104 103
287 286
299 298
419 417
268 265
82 81
261 260
33 30
462 461
60 59
413 411
239 238
328 325
321 320
452 451
34 33
457 455
305 304
473 471
120 119
12 11
435 433
417 415
403 401
64 63
277 276
126 124
72 71
337 336
166 163
255 254
57 54
387 385
236 233
289 288
315 314
229 228
365 363
214 211
28 27
207 206
343 341
430 429
2 1
425 423
484 483
484 481
88 87
176 174
267 266
116 114
295 293
32 31
245 244
381 379
468 467
40 39
223 222
25 22
68 66
204 201
18 17
154 152
197 196
333 331
182 179
263 261
134 131
478 477
175 174
311 309
437 434
353 351
497 494
257 256
106 104
409 407
56 55
460 458
235 234
220 217
144 142
398 397
459 456
213 212
349 347
8 7
323 321
273 272
102 99
191 190
36 34
172 169
428 426
301 299
122 120
165 164
14 12
150 147
251 250
143 142
279 277
475 472
317 315
225 224
361 359
420 419
24 23
446 445
203 202
52 50
321 319
231 229
181 180
30 28
458 457
464 463
454 452
159 158
291 289
426 425
241 240
90 88
133 132
486 484
356 355
219 218
414 413
111 110
247 245
404 403
433 430
193 192
42 40
436 435
366 365
357 354
171 170
20 18
443 440
289 287
335 332
149 148
388 387
80 78
474 473
345 343
127 126
362 361
259 257
108 105
209 208
297 295
101 100
237 235
432 431
382 381
187 186
470 468
79 78
215 213
95 94
161 160
10 8
146 143
63 62
38 35
117 116
139 138
275 273
257 255
167 165
303 300
334 333
253 251
442 441
340 339
401 398
48 46
184 181
227 225
76 73
177 176
26 24
69 68
128 125
394 393
155 154
482 480
47 46
183 181
319 316
476 474
369 366
129 128
265 263
372 371
410 409
6 3
107 106
243 241
379 376
225 223
368 367
438 436
85 84
324 323
350 349
331 328
302 301
309 306
195 193
96 93
347 344
145 144
281 279
37 36
173 171
22 19
123 122
15 14
390 388
82 79
400 399
97 96
292 291
31 30
103 101
75 74
211 209
193 191
64 61
478 475
53 52
189 187
488 486
450 448
318 317
483 482
378 377
299 296
487 486
113 112
480 478
5 4
141 139
456 454
91 90
358 356
270 269
255 252
412 410
330 329
65 64
201 199
308 307
346 345
298 297
434 432
43 42
179 177
71 69
374 372
21 20
444 442
260 259
396 394
267 264
109 107
286 285
326 324
161 159
129 127
81 80
217 215
40 37
32 29
440 438
59 58
238 237
87 85
223 220
477 476
33 32
169 167
364 362
472 470
254 253
11 10
147 145
283 280
39 37
384 382
276 275
77 75
455 454
485 483
493 492
336 335
442 439
99 97
55 53
423 422
49 48
416 414
228 227
314 313
471 470
27 26
206 205
8 5
461 460
439 438
266 265
1 0
424 422
419 418
294 292
165 162
304 303
115 113
380 378
7 5
430 427
310 308
244 243
93 91
392 390
348 346
45 43
222 221
451 450
97 95
203 200
17 16
153 151
196 195
332 330
489 488
376 374
282 281
174 173
23 21
159 156
445 444
105 103
495 493
499 498
408 406
234 233
83 81
65 63
262 260
111 108
429 428
212 211
61 59
391 390
397 396
352 350
190 189
407 404
322 320
413 412
272 271
121 119
164 163
360 358
496 493
250 249
290 288
142 141
278 276
127 124
407 406
467 466
338 336
73 71
180 179
388 385
202 201
51 49
316 314
441 440
473 472
320 318
29 27
359 358
3 1
372 369
158 157
33 31
378 375
457 456
240 239
375 374
132 131
268 266
404 401
218 217
110 109
389 387
381 380
328 326
435 434
355 354
432 429
170 169
306 304
425 424
198 196
47 44
387 386
148 147
327 326
463 461
365 364
469 467
126 125
344 342
107 104
447 445
208 207
57 55
100 99
236 234
85 82
116 115
186 185
410 407
78 77
214 212
63 60
343 342
403 402
295 294
9 7
145 142
302 299
138 137
274 272
349 348
166 164
14 13
256 254
252 250
264 262
204 202
46 45
94 93
226 224
75 72
176 175
25 23
68 67
318 315
393 392
497 495
154 153
333 332
182 180
31 28
311 310
113 110
371 370
291 290
459 457
106 105
409 408
361 360
134 132
270 267
323 322
84 83
220 218
263 262
437 435
62 61
377 376
317 316
383 381
144 143
36 35
172 170
21 18
122 121
301 300
150 148
269 268
279 278
339 338
232 230
81 78
4 3
74 73
210 208
102 100
238 235
247 246
52 51
475 473
231 230
405 403
470 469
30 29
162 160
345 344
357 355
112 111
248 246
118 116
427 425
433 431
90 89
486 485
192 190
329 328
465 463
438 437
200 198
49 46
307 306
443 441
42 41
178 176
70 68
206 203
259 258
20 19
156 154
199 198
335 333
454 453
341 339
285 284
313 312
130 128
237 236
80 79
363 361
297 296
108 106
374 373
498 497
58 57
160 158
86 84
205 204
325 323
215 214
351 349
401 399
10 9
146 144
282 279
38 36
482 481
449 446
275 274
124 122
167 166
303 301
406 405
253 252
98 96
492 491
48 47
184 182
227 226
76 74
64 62
369 367
26 25
422 421
128 126
54 52
190 187
451 448
40 38
183 182
319 317
72 70
460 459
265 264
114 112
478 476
6 4
142 139
243 242
379 377
135 134
271 269
173 172
490 488
221 220
331 329
66 64
202 199
309 307
16 15
152 150
195 194
44 42
180 177
445 442
281 280
96 94
22 20
390 389
151 150
476 475
104 102
287 285
466 465
233 232
82 80
435 432
450 449
211 210
347 345
103 102
434 433
488 487
342 341
189 188
34 32
440 439
163 162
299 297
418 417
428 427
249 248
141 140
277 275
480 479
119 118
255 253
8 6
396 395
201 200
484 482
417 414
358 357
494 492
444 443
179 178
403 400
71 70
207 205
343 340
32 30
157 156
185 184
2 0
310 309
486 483
381 378
88 86
131 130
267 265
176 173
370 369
217 216
472 471
109 108
245 243
326 325
412 411
448 447
87 86
223 221
456 455
402 401
169 168
305 303
175 173
197 195
430 428
147 146
283 281
39 38
98 95
424 423
497 496
125 124
386 385
106 103
165 163
452 450
99 98
235 233
354 353
364 363
263 260
77 76
143 141
349 346
416 415
55 54
144 141
409 406
36 33
332 331
137 136
273 271
122 119
294 293
301 298
380 379
115 114
7 6
66 63
446 444
93 92
468 466
24 22
67 66
203 201
278 277
153 152
45 44
181 179
392 391
348 347
384 383
23 22
159 157
360 359
291 288
105 104
241 239
111 109
133 131
426 424
83 82
219 217
262 261
34 31
247 244
61 60
322 321
42 39
408 407
312 311
388 386
35 34
458 456
376 375
300 299
121 120
496 494
13 12
149 147
3 2
352 351
338 337
127 125
259 256
73 72
454 451
290 289
101 99
366 364
316 315
51 50
474 472
230 229
289 286
215 212
29 28
404 402
495 494
297 294
167 164
306 305
139 137
275 272
89 88
47 45
268 267
117 115
253 250
470 467
320 319
246 245
48 45
328 327
227 224
410 408
41 40
177 175
26 23
356 354
485 484
19 18
442 440
198 197
334 332
296 295
284 283
496 495
463 462
344 343
372 370
453 452
258 257
107 105
243 240
447 446
57 56
432 430
236 235
85 83
479 478
469 468
288 287
214 213
63 61
460 457
9 8
145 143
491 490
431 430
173 170
274 273
123 121
166 165
302 300
485 482
252 251
340 338
211 208
226 225
75 73
318 316
25 24
204 203
193 190
189 186
427 426
481 480
256 255
182 181
31 29
475 474
400 398
480 477
264 263
113 111
421 420
459 458
428 425
396 393
242 241
378 376
134 133
270 268
449 447
220 219
461 459
399 398
201 198
437 436
389 388
194 193
330 328
346 344
383 382
280 279
368 366
172 171
21 19
415 414
487 485
405 404
224 223
150 149
286 284
314 312
494 493
232 231
81 79
217 214
260 258
109 106
188 187
210 209
59 57
102 101
238 236
87 84
326 323
449 448
367 366
456 453
411 410
369 368
162 161
39 36
433 432
114 113
248 247
483 481
140 139
129 126
471 469
417 416
192 191
118 117
200 199
336 334
465 464
294 291
49 47
443 442
395 394
77 74
357 356
178 177
27 25
70 69
206 204
7 4
348 345
156 155
423 421
335 334
363 362
495 492
373 372
325 324
130 129
266 264
115 112
401 400
216 215
304 302
108 107
244 242
351 350
384 381
341 340
160 159
86 85
222 220
463 460
168 167
17 15
153 150
397 395
489 487
407 405
146 145
282 280
38 37
174 172
310 307
124 123
477 475
303 302
105 102
385 384
408 405
98 97
234 232
83 80
158 156
184 183
429 427
76 75
65 62
271 270
391 389
353 352
128 127
54 53
190 188
347 346
451 449
376 373
